[INPUT]
m_selectinputstyle=0
m_inputfolder=E:\数据处理\华北\5月
m_InputWindow_Extend=0
[clouddetection]
m_thrld_Month[0]=350.000000
m_thrld_Month[1]=215.000000
m_thrld_Month[2]=220.000000
m_thrld_Month[3]=225.000000
m_thrld_Month[4]=230.000000
m_thrld_Month[5]=240.000000
m_thrld_Month[6]=245.000000
m_thrld_Month[7]=245.000000
m_thrld_Month[8]=245.000000
m_thrld_Month[9]=240.000000
m_thrld_Month[10]=235.000000
m_thrld_Month[11]=230.000000
m_thrld_Month[12]=225.000000
[abnormalmodel]
m_algorithm=0
[LEGEND]
m_dmin=2450.000000
m_dmax=3000.000000
m_dkmin=0.000000
m_dkmax=2.500000
m_fontsize_legend=50
m_CHECK_epicenter=1
m_CHECK_provin_border=1
m_CHECK_fault=1
m_Shape_strInfo=0x0000ff 50|0xffffff 4|0x0000ff 4
m_StasticArea_strInfo=4|116.50 40.00 0.50 0.50|114.50 37.50 0.50 0.50|117.00 37.00 0.50 0.50|118.50 38.50 0.50 0.50
m_StasticArea_SelectStyle=2
m_StasticArea_Color=baffffc0
[OUTPUT]
m_outputfolder=E:\aTemp\aa
m_selectoutputstyle=1
m_CHEK_Clddetection2=0
m_CHEK_Pseudocolor=0
m_CHEK_Kpseudocolor=0
m_CHEK_Statistics=1
m_CHEK_Compound=0
m_bkgndfile=
m_Channel=2
